eReader:2|12.524|10.946|12.177|60033.0
eReader:3|12.969|11.699|12.338|60381.0
eReader:4|12.928|12.021|12.928|60396.0
eReader:5|13.569|12.562|13.299|60872.0
eReader:6|13.143|12.043|12.089|65321.0
eReader:7|12.362|11.573|12.256|26554.0
eReader:8|12.723|12.144|12.305|41295.0
eReader:9|12.412|11.385|11.404|39432.0
eReader:10|11.871|11.404|11.8|35218.0
eReader:11|12.802|11.841|12.704|59174.0
eReader:12|13.233|12.368|12.696|58217.0
eReader:13|13.16|12.442|13.132|43708.0
eReader:14|13.242|12.696|13.037|44138.0
eReader:15|13.064|12.409|12.461|41444.0
eReader:16|12.693|11.522|11.74|41488.0
eReader:17|11.896|10.921|11.795|37873.0
eReader:18|12.889|11.511|12.15|45680.0
eReader:19|12.133|10.948|11.407|31930.0
eReader:20|11.901|11.309|11.579|20840.0
eReader:21|12.01|11.194|11.429|23947.0
eReader:22|11.603|11.3|11.549|14867.0
eReader:23|11.543|11.112|11.175|22294.0
eReader:24|11.276|10.683|10.757|19422.0
eReader:25|10.831|10.621|10.692|18135.0
eReader:26|11.025|10.648|10.921|15030.0
eReader:27|11.107|10.648|11.085|17065.0
eReader:28|11.363|11.006|11.167|16448.0
eReader:29|12.283|11.123|12.283|44345.0
eReader:30|13.078|12.259|12.573|76024.0
eReader:31|12.854|12.207|12.281|41530.0
eReader:32|12.777|11.972|12.477|33587.0
eReader:33|12.507|12.136|12.401|23070.0
eReader:34|12.442|11.74|12.341|32979.0
eReader:35|12.409|11.877|12.403|19459.0
eReader:36|12.723|12.286|12.709|31396.0
eReader:37|12.72|12.016|12.313|26615.0
eReader:38|12.395|12.018|12.382|17057.0
eReader:39|12.45|12.18|12.272|11233.0
eReader:40|12.545|12.144|12.171|15555.0
eReader:41|12.204|10.954|10.954|20196.0
eReader:42|10.855|9.859|10.156|26086.0
eReader:43|10.525|9.829|10.348|19500.0
eReader:44|10.102|9.313|9.316|6620.0
eReader:45|9.67|8.464|9.086|20007.0
eReader:46|8.851|8.177|8.177|20326.0
eReader:47|8.453|7.948|8.262|13949.0
eReader:48|8.434|7.47|7.765|14404.0
eReader:49|8.218|7.284|8.133|15126.0
eReader:50|8.232|7.459|7.754|16015.0
eReader:51|8.155|7.549|8.011|14290.0
eReader:52|8.327|7.836|8.251|18648.0
eReader:53|8.324|8.032|8.062|15544.0
eReader:54|8.188|7.516|7.699|15162.0
eReader:55|8.0|7.522|7.909|10788.0
eReader:56|8.701|7.934|8.701|36174.0
eReader:57|9.488|8.431|8.696|58011.0
eReader:58|9.567|9.567|9.567|3569.0
eReader:59|10.375|9.264|9.883|67815.0
eReader:60|10.017|9.559|9.632|32997.0
eReader:61|10.129|9.501|9.717|28065.0
eReader:62|9.608|9.1|9.28|22189.0
eReader:63|9.518|9.195|9.22|14917.0
eReader:64|9.316|8.365|8.461|32054.0
eReader:65|8.57|8.327|8.341|14215.0
eReader:66|8.376|8.038|8.344|21400.0
eReader:67|8.573|8.082|8.486|19247.0
eReader:68|8.628|8.39|8.595|12371.0
eReader:69|8.625|8.3|8.324|18689.0
eReader:70|9.157|8.248|9.157|43030.0
eReader:71|9.425|9.013|9.171|41198.0
eReader:72|9.389|8.933|9.272|47766.0
eReader:73|9.247|9.007|9.048|37335.0
eReader:74|9.1|8.914|9.002|23446.0
eReader:75|9.075|8.355|8.532|34859.0
eReader:76|8.494|8.049|8.204|18478.0
eReader:77|8.314|8.131|8.172|9318.0
eReader:78|8.256|7.972|8.041|10627.0
eReader:79|8.054|7.672|8.054|14488.0
eReader:80|8.357|8.024|8.106|10331.0
eReader:81|8.103|7.858|8.005|18146.0
eReader:82|8.294|7.926|8.245|16743.0
eReader:83|8.136|7.636|7.89|19056.0
eReader:84|8.06|7.828|7.849|14717.0
eReader:85|7.863|7.664|7.852|10455.0
eReader:86|8.188|7.863|7.997|14130.0
eReader:87|8.046|7.825|7.986|9420.0
eReader:88|8.786|7.959|8.786|57244.0
eReader:89|8.789|8.348|8.75|48422.0
eReader:90|9.197|8.542|9.068|76553.0
eReader:91|9.068|8.622|8.632|37691.0
eReader:92|8.978|8.545|8.873|51881.0
eReader:93|9.079|8.805|8.983|48428.0
eReader:94|9.087|8.873|8.983|40429.0
eReader:95|9.295|8.95|9.145|54164.0
eReader:96|9.257|8.904|8.936|34348.0
eReader:97|9.024|8.737|8.884|26910.0
eReader:98|9.016|8.737|8.961|23789.0
eReader:99|8.819|8.066|8.066|44472.0
eReader:100|8.104|7.863|8.066|24192.0
eReader:101|8.441|7.888|8.394|24062.0
eReader:102|8.359|8.142|8.167|18635.0
eReader:103|8.427|8.112|8.211|15484.0
eReader:104|8.372|8.082|8.339|14618.0
eReader:105|8.49|8.129|8.142|19870.0
eReader:106|8.167|7.951|8.167|39290.0
eReader:107|8.202|8.052|8.137|18523.0
eReader:108|8.282|7.499|8.035|27999.0
eReader:109|8.265|7.89|8.257|27964.0
eReader:110|8.364|8.189|8.328|41418.0
eReader:111|8.758|8.367|8.586|56386.0
eReader:112|8.671|8.427|8.671|34858.0
eReader:113|8.791|8.46|8.468|32462.0
eReader:114|8.654|8.402|8.616|27520.0
eReader:115|9.282|8.638|8.961|62119.0
eReader:116|8.895|8.709|8.846|37165.0
eReader:117|8.945|8.643|8.712|33528.0
eReader:118|8.978|8.654|8.846|34322.0
eReader:119|8.956|8.712|8.731|30984.0
eReader:120|8.832|8.564|8.827|26380.0
eReader:121|8.997|8.791|8.904|32271.0
eReader:122|8.953|8.819|8.865|21296.0
eReader:123|8.887|8.698|8.737|17504.0
eReader:124|8.769|8.575|8.665|14643.0
eReader:125|8.83|8.643|8.821|16817.0
eReader:126|8.898|8.72|8.734|15149.0
eReader:127|8.816|8.676|8.723|17678.0
eReader:128|8.75|8.394|8.435|21126.0
eReader:129|8.485|8.293|8.345|13178.0
eReader:130|8.556|8.345|8.531|14938.0
eReader:131|8.586|8.03|8.066|31298.0
eReader:132|8.233|8.027|8.129|14749.0
eReader:133|8.183|7.997|8.049|12680.0
eReader:134|8.159|7.86|8.107|14371.0
eReader:135|8.161|8.055|8.129|9340.0
eReader:136|8.156|8.052|8.052|12285.0
eReader:137|8.767|8.29|8.337|50037.0
eReader:138|8.367|8.079|8.298|23764.0
eReader:139|8.545|8.139|8.43|29419.0
eReader:140|8.517|8.381|8.454|19272.0
eReader:141|8.594|8.383|8.534|18858.0
eReader:142|8.572|8.449|8.468|13636.0
eReader:143|8.572|8.419|8.534|15180.0
eReader:144|8.586|8.408|8.586|16349.0
eReader:145|8.873|8.545|8.709|36378.0
eReader:146|8.841|8.602|8.613|26900.0
eReader:147|8.654|8.383|8.474|17360.0
eReader:148|8.879|8.504|8.846|35606.0
eReader:149|9.731|8.841|9.476|126237.0
eReader:150|9.366|9.046|9.12|68702.0
eReader:151|9.257|9.038|9.098|37136.0
eReader:152|9.246|9.071|9.098|28964.0
eReader:153|9.147|8.904|8.967|28100.0
eReader:154|9.098|8.841|8.994|20993.0
eReader:155|9.517|8.791|9.388|46182.0
eReader:156|9.963|9.309|9.572|73443.0
eReader:157|9.627|9.358|9.555|29701.0
eReader:158|9.58|9.265|9.268|26226.0
eReader:159|9.857|8.901|9.586|83550.0
eReader:160|10.048|9.427|9.772|99081.0
eReader:161|9.67|9.325|9.523|40070.0
eReader:162|9.802|9.462|9.731|37412.0
eReader:163|9.991|9.605|9.966|51799.0
eReader:164|9.95|9.695|9.747|35686.0
eReader:165|9.848|9.536|9.547|39520.0
eReader:166|9.72|9.451|9.55|22383.0
eReader:167|9.684|9.451|9.476|30919.0
eReader:168|9.586|8.95|9.194|39593.0
eReader:169|9.202|8.961|8.991|21052.0
eReader:170|9.12|8.983|8.999|13937.0
eReader:171|9.114|9.005|9.057|8915.0
eReader:172|9.355|9.038|9.328|26016.0
eReader:173|9.32|9.15|9.251|26452.0
eReader:174|9.24|8.999|9.06|33069.0
eReader:175|9.709|9.093|9.668|85106.0
eReader:176|9.58|9.408|9.536|39728.0
eReader:177|9.659|9.26|9.383|41385.0
eReader:178|9.558|9.355|9.503|31678.0
eReader:179|9.544|9.29|9.366|34557.0
eReader:180|9.421|9.191|9.265|31295.0
eReader:181|9.394|9.002|9.106|31429.0
eReader:182|9.216|8.986|9.12|31790.0
eReader:183|9.167|9.041|9.15|22834.0
eReader:184|9.177|8.991|9.021|24361.0
eReader:185|9.117|8.928|9.106|22647.0
eReader:186|9.09|8.78|8.819|30497.0
eReader:187|8.983|8.778|8.906|14944.0
eReader:188|9.065|8.887|9.038|18594.0
eReader:189|9.01|8.841|8.873|21481.0
eReader:190|8.964|8.802|8.904|23433.0
eReader:191|8.931|8.835|8.879|13593.0
eReader:192|9.065|8.873|9.016|23109.0
eReader:193|9.106|8.964|9.03|18828.0
eReader:194|9.071|8.767|8.906|22113.0
eReader:195|9.093|8.978|9.065|19539.0
eReader:196|9.284|9.038|9.202|26839.0
eReader:197|9.306|9.093|9.142|24838.0
eReader:198|9.243|9.076|9.235|20096.0
eReader:199|9.394|9.238|9.287|35041.0
eReader:200|9.328|9.087|9.109|19617.0
eReader:201|9.282|9.134|9.175|20311.0
eReader:202|9.46|9.131|9.418|41545.0
eReader:203|9.539|9.323|9.408|32941.0
eReader:204|9.621|9.323|9.355|36533.0
eReader:205|9.394|9.139|9.153|28891.0
eReader:206|9.282|8.909|9.282|28948.0
eReader:207|9.35|9.136|9.164|20246.0
eReader:208|9.197|8.928|8.928|21370.0
eReader:209|9.175|8.854|8.983|18781.0
eReader:210|9.024|8.764|8.805|23077.0
eReader:211|8.871|8.457|8.46|25802.0
eReader:212|8.545|8.394|8.482|13298.0
eReader:213|8.523|8.471|8.49|10976.0
eReader:214|8.723|8.463|8.682|16263.0
eReader:215|8.704|8.435|8.443|13363.0
eReader:216|8.622|8.435|8.561|12380.0
eReader:217|8.726|8.244|8.304|26437.0
eReader:218|8.608|8.219|8.526|16599.0
eReader:219|8.569|8.353|8.493|10458.0
eReader:220|8.616|8.375|8.457|15694.0
eReader:221|8.545|8.353|8.443|13538.0
eReader:222|8.485|8.359|8.463|9027.0
eReader:223|8.928|8.523|8.539|49818.0
eReader:224|8.638|8.463|8.531|16634.0
eReader:225|8.572|8.381|8.408|16788.0
eReader:226|8.49|8.246|8.32|16246.0
eReader:227|8.416|8.339|8.391|10473.0
eReader:228|8.528|8.337|8.482|10098.0
eReader:229|8.504|8.381|8.4|6782.0
eReader:230|8.49|8.293|8.37|10617.0
eReader:231|8.52|8.298|8.49|11325.0
eReader:232|8.586|8.381|8.427|6086.0
eReader:233|8.468|8.304|8.315|7249.0
eReader:234|8.381|7.641|7.641|35354.0
eReader:235|7.63|7.225|7.277|25613.0
eReader:236|7.348|6.71|7.022|17356.0
eReader:237|7.203|6.888|7.11|11917.0
eReader:238|7.2|6.956|6.997|7361.0
eReader:239|7.025|6.817|6.907|9223.0
eReader:240|7.091|6.852|7.033|8257.0
eReader:241|7.395|7.055|7.247|17059.0
eReader:242|7.312|7.071|7.082|8675.0
eReader:243|7.203|7.066|7.115|7808.0
eReader:244|7.189|7.118|7.189|5151.0
eReader:245|7.206|7.039|7.044|5490.0
eReader:246|7.247|7.019|7.247|8860.0
eReader:247|7.381|7.184|7.266|11165.0
eReader:248|7.386|7.189|7.367|9220.0
eReader:249|7.51|7.312|7.408|13186.0
eReader:250|7.444|7.323|7.362|9229.0
eReader:251|7.471|7.26|7.471|15118.0
eReader:252|7.488|7.362|7.395|10586.0
eReader:253|7.449|7.293|7.312|9995.0
eReader:254|7.353|7.244|7.263|10184.0
eReader:255|7.49|7.238|7.29|10838.0
eReader:256|7.329|7.203|7.299|14554.0
eReader:257|7.419|7.255|7.378|14119.0
eReader:258|7.458|7.285|7.458|15797.0
eReader:259|7.479|7.395|7.471|11946.0
eReader:260|7.54|7.408|7.504|17978.0
eReader:261|7.636|7.444|7.542|17550.0
eReader:262|7.622|7.51|7.597|12623.0
eReader:263|7.838|7.575|7.737|25789.0
eReader:264|7.803|7.616|7.638|15035.0
eReader:265|7.778|7.581|7.745|13778.0
eReader:266|7.819|7.701|7.778|13834.0
eReader:267|7.819|7.677|7.775|14967.0
eReader:268|7.773|7.608|7.625|13644.0
eReader:269|7.699|7.559|7.567|10393.0
eReader:270|7.718|7.573|7.641|12401.0
eReader:271|7.696|7.586|7.696|11914.0
eReader:272|7.734|7.671|7.71|10808.0
eReader:273|7.775|7.677|7.764|14269.0
eReader:274|7.86|7.753|7.841|16310.0
eReader:275|7.868|7.537|7.57|22704.0
eReader:276|7.693|7.534|7.663|11894.0
eReader:277|7.704|7.66|7.699|9139.0
eReader:278|7.693|7.545|7.594|9215.0
eReader:279|7.655|7.485|7.594|11112.0
eReader:280|7.611|7.427|7.463|13497.0
eReader:281|7.474|7.34|7.348|11346.0
eReader:282|7.444|7.315|7.392|7394.0
eReader:283|7.397|7.26|7.263|9723.0
eReader:284|7.263|6.956|7.008|18788.0
eReader:285|7.137|7.008|7.049|9384.0
eReader:286|7.375|7.039|7.359|22628.0
eReader:287|7.436|7.285|7.31|29630.0
eReader:288|8.038|7.206|7.775|59418.0
eReader:289|8.183|7.649|7.983|75726.0
eReader:290|8.134|7.786|7.997|49344.0
eReader:291|8.024|7.436|7.477|61302.0
eReader:292|7.833|7.353|7.614|38691.0
eReader:293|7.668|7.452|7.458|25100.0
eReader:294|7.395|7.11|7.11|31459.0
eReader:295|7.203|6.735|6.85|34833.0
eReader:296|7.175|6.715|7.175|31536.0
eReader:297|7.893|7.288|7.373|74684.0
eReader:298|7.384|6.989|7.077|47498.0
eReader:299|7.08|6.85|6.855|21720.0
eReader:300|7.066|6.74|6.844|21322.0
eReader:301|6.951|6.737|6.918|22605.0
eReader:302|7.058|6.767|6.984|27047.0
eReader:303|7.148|6.943|7.019|19570.0
eReader:304|7.063|6.959|7.047|17443.0
eReader:305|7.052|6.885|6.951|16999.0
eReader:306|7.175|6.787|7.052|23821.0
eReader:307|7.132|6.929|7.08|15685.0
eReader:308|7.118|6.715|6.732|20276.0
eReader:309|6.669|6.305|6.428|36444.0
eReader:310|6.463|6.217|6.217|22527.0
eReader:311|6.184|5.918|6.132|20551.0
eReader:312|6.28|6.055|6.258|11523.0
eReader:313|6.255|6.025|6.105|10221.0
eReader:314|6.715|6.031|6.441|27121.0
eReader:315|6.669|6.409|6.548|22695.0
eReader:316|6.693|6.436|6.488|17094.0
eReader:317|6.562|6.409|6.458|10706.0
eReader:318|6.483|6.165|6.165|12992.0
eReader:319|6.244|5.935|5.935|15852.0
eReader:320|6.022|5.814|5.992|15352.0
eReader:321|6.033|5.839|5.995|12717.0
eReader:322|6.184|5.992|6.05|14537.0
eReader:323|6.294|6.042|6.077|14365.0
eReader:324|6.077|5.74|5.779|16524.0
eReader:325|5.886|5.628|5.847|11931.0
eReader:326|5.943|5.812|5.88|9136.0
eReader:327|5.957|5.839|5.943|7773.0
eReader:328|6.198|5.891|6.159|21108.0
eReader:329|6.433|6.137|6.326|30635.0
eReader:330|6.452|6.217|6.403|21157.0
eReader:331|6.299|6.08|6.124|18467.0
eReader:332|6.376|6.129|6.305|21454.0
eReader:333|6.34|6.162|6.255|11566.0
eReader:334|6.452|6.222|6.414|23998.0
eReader:335|6.609|6.37|6.488|23506.0
eReader:336|6.504|6.321|6.433|16645.0
eReader:337|6.515|6.409|6.444|19803.0
eReader:338|6.461|6.302|6.351|19397.0
eReader:339|6.502|6.025|6.214|21758.0
eReader:340|6.359|5.998|6.162|20286.0
eReader:341|6.162|5.906|6.075|42699.0
eReader:342|6.5|5.955|6.407|72537.0
eReader:343|6.396|6.096|6.162|51836.0
eReader:344|6.205|6.091|6.096|24540.0
eReader:345|6.08|5.977|6.053|22769.0
eReader:346|6.134|5.998|6.096|19950.0
eReader:347|6.091|5.987|6.004|18851.0
eReader:348|6.064|5.966|6.053|18822.0
eReader:349|6.058|5.938|5.993|26326.0
eReader:350|6.009|5.9|5.949|29387.0
eReader:351|5.949|5.775|5.819|24860.0
eReader:352|5.911|5.753|5.753|17575.0
eReader:353|5.797|5.633|5.699|27706.0
eReader:354|5.737|5.579|5.601|26562.0
eReader:355|5.715|5.601|5.617|18938.0
eReader:356|5.611|5.056|5.121|49216.0
eReader:357|5.138|4.98|5.121|27296.0
eReader:358|5.148|5.018|5.143|33994.0
eReader:359|5.225|5.083|5.083|27378.0
eReader:360|5.127|4.99|5.001|23323.0
eReader:361|5.056|4.958|5.045|16276.0
eReader:362|5.072|5.012|5.056|13063.0
eReader:363|5.094|5.012|5.088|14402.0
eReader:364|5.306|5.061|5.296|38016.0
eReader:365|5.328|5.197|5.197|23848.0
eReader:366|5.246|5.176|5.187|13027.0
eReader:367|5.236|5.17|5.203|13155.0
eReader:368|5.219|5.088|5.11|15783.0
eReader:369|5.241|5.11|5.159|17986.0
eReader:370|5.159|5.072|5.072|19430.0
eReader:371|5.159|5.067|5.094|10194.0
eReader:372|5.17|5.083|5.159|17366.0
eReader:373|5.426|5.132|5.296|52083.0
eReader:374|5.312|5.148|5.192|31204.0
eReader:375|5.192|5.083|5.088|18646.0
eReader:376|5.296|5.083|5.257|29419.0
eReader:377|5.404|5.214|5.361|39686.0
eReader:378|5.437|5.29|5.404|43635.0
eReader:379|5.513|5.388|5.464|39289.0
eReader:380|5.481|5.399|5.415|27897.0
eReader:381|5.513|5.415|5.448|21242.0
eReader:382|5.47|5.366|5.383|22780.0
eReader:383|5.584|5.339|5.47|35332.0
eReader:384|6.015|5.802|6.015|80991.0
eReader:385|6.418|6.102|6.254|240616.0
eReader:386|6.227|6.009|6.151|147389.0
eReader:387|6.292|6.036|6.036|109237.0
eReader:388|6.211|6.02|6.053|66538.0
eReader:389|6.102|5.949|6.036|54911.0
eReader:390|6.075|5.944|6.069|65388.0
eReader:391|6.309|6.08|6.282|113179.0
eReader:392|6.265|6.118|6.194|62319.0
eReader:393|6.2|6.091|6.156|40148.0
eReader:394|6.456|6.134|6.26|122900.0
eReader:395|6.527|6.134|6.516|122419.0
eReader:396|6.859|6.396|6.772|160871.0
eReader:397|6.946|6.587|6.603|180583.0
eReader:398|6.728|6.581|6.668|67940.0
eReader:399|6.728|6.461|6.478|69418.0
eReader:400|6.521|6.331|6.374|50028.0
eReader:401|6.483|6.309|6.401|31125.0
eReader:402|6.45|6.342|6.407|27230.0
eReader:403|6.647|6.412|6.608|58169.0
eReader:404|6.625|6.363|6.374|41289.0
eReader:405|6.429|6.32|6.369|27557.0
eReader:406|6.418|6.124|6.124|27960.0
eReader:407|6.2|6.009|6.085|24667.0
eReader:408|6.173|6.064|6.134|15865.0
eReader:409|6.2|6.053|6.053|17471.0
eReader:410|6.178|6.053|6.134|14066.0
eReader:411|6.113|5.873|6.026|48114.0
eReader:412|6.189|5.938|6.189|40122.0
eReader:413|6.314|6.124|6.2|46335.0
eReader:414|6.189|6.015|6.134|36699.0
eReader:415|6.75|6.031|6.75|127462.0
eReader:416|7.426|7.006|7.077|363763.0
eReader:417|6.963|6.592|6.87|196447.0
eReader:418|7.246|6.728|6.777|194231.0
eReader:419|6.756|6.489|6.554|110020.0
eReader:420|6.5|6.292|6.418|97763.0
eReader:421|6.63|6.347|6.554|96320.0
eReader:422|6.483|6.211|6.276|81837.0
eReader:423|6.903|6.461|6.903|81545.0
eReader:424|7.355|7.033|7.273|339783.0
eReader:425|7.246|6.919|6.963|178893.0
eReader:426|7.028|6.429|6.592|161124.0
eReader:427|7.251|6.603|7.251|198099.0
eReader:428|7.464|7.104|7.148|285879.0
eReader:429|7.409|7.017|7.088|209923.0
eReader:430|7.638|7.17|7.355|287869.0
eReader:431|7.823|7.159|7.704|259685.0
eReader:432|7.6|7.415|7.546|180763.0
eReader:433|7.48|7.3|7.371|158457.0
eReader:434|7.355|7.191|7.355|113485.0
eReader:435|7.431|7.153|7.197|109236.0
eReader:436|7.349|7.023|7.257|106993.0
eReader:437|7.605|7.137|7.398|181014.0
eReader:438|7.322|7.028|7.061|113986.0
eReader:439|7.121|6.87|6.892|82234.0
eReader:440|6.952|6.205|6.211|119380.0
eReader:441|6.211|5.601|6.096|69699.0
eReader:442|6.222|5.922|6.031|57013.0
eReader:443|6.118|5.927|6.015|47608.0
eReader:444|6.08|5.584|5.628|68584.0
eReader:445|5.72|5.611|5.65|38516.0
eReader:446|5.704|5.497|5.53|38917.0
eReader:447|5.682|5.53|5.671|34368.0
eReader:448|6.227|5.677|5.911|89196.0
eReader:449|5.927|5.759|5.808|43208.0
eReader:450|6.02|5.775|5.911|41770.0
eReader:451|5.922|5.633|5.65|42381.0
eReader:452|5.917|5.568|5.699|45556.0
eReader:453|5.775|5.568|5.775|37849.0
eReader:454|5.868|5.671|5.731|35326.0
eReader:455|5.922|5.726|5.868|47056.0
eReader:456|6.02|5.824|5.982|51483.0
eReader:457|5.96|5.775|5.802|39951.0
eReader:458|6.02|5.775|5.9|42974.0
eReader:459|5.9|5.78|5.813|31088.0
eReader:460|5.857|5.584|5.633|47419.0
eReader:461|5.699|5.557|5.595|24743.0
eReader:462|5.71|5.595|5.71|25743.0
eReader:463|5.71|5.568|5.568|26097.0
eReader:464|6.124|5.595|5.949|128837.0
eReader:465|5.927|5.791|5.868|78366.0
eReader:466|5.835|5.639|5.666|48615.0
eReader:467|5.884|5.628|5.786|51806.0
eReader:468|5.906|5.688|5.846|61050.0
eReader:469|6.036|5.748|5.889|69799.0
eReader:470|5.987|5.829|5.9|54678.0
eReader:471|5.971|5.868|5.917|42129.0
eReader:472|6.102|5.884|6.08|84371.0
eReader:473|6.08|5.949|6.042|57952.0
eReader:474|6.091|5.884|5.917|49665.0
eReader:475|5.933|5.829|5.911|32599.0
eReader:476|5.933|5.769|5.808|37981.0
eReader:477|5.797|5.611|5.693|39528.0
eReader:478|5.775|5.644|5.764|25288.0
eReader:479|5.802|5.65|5.72|24553.0
eReader:480|5.606|5.176|5.181|81951.0
eReader:481|5.252|5.072|5.116|43017.0
eReader:482|5.252|5.072|5.225|32187.0
eReader:483|5.219|5.099|5.127|28496.0
eReader:484|5.192|5.088|5.105|19148.0
eReader:485|5.17|5.023|5.138|24432.0
eReader:486|5.154|5.105|5.143|21269.0
eReader:487|5.203|5.056|5.197|32493.0
eReader:488|5.296|5.176|5.187|38183.0
eReader:489|5.241|5.132|5.192|26801.0
eReader:490|5.208|5.083|5.088|21847.0
eReader:491|5.099|4.99|4.99|22594.0
eReader:492|4.99|4.565|4.609|43165.0
eReader:493|4.658|4.407|4.424|27126.0
eReader:494|4.451|4.2|4.348|18193.0
eReader:495|4.407|4.249|4.369|13181.0
eReader:496|4.331|3.955|3.955|28979.0
eReader:497|4.222|3.917|4.053|20150.0
eReader:498|4.151|4.01|4.124|15214.0
eReader:499|4.091|3.923|3.972|22728.0
eReader:500|4.369|4.369|4.369|6797.0
eReader:501|4.805|4.805|4.805|8438.0
eReader:502|5.285|4.838|5.012|182799.0
eReader:503|5.067|4.723|4.936|120208.0
eReader:504|5.121|4.822|4.93|94022.0
eReader:505|5.426|4.86|5.426|139141.0
eReader:506|5.72|5.437|5.535|191128.0
eReader:507|5.59|5.345|5.508|113954.0
eReader:508|5.611|5.415|5.611|97356.0
eReader:509|5.617|5.394|5.394|71106.0
eReader:510|5.535|5.361|5.535|55814.0
eReader:511|5.557|5.459|5.519|57425.0
eReader:512|5.769|5.481|5.644|137919.0
eReader:513|5.693|5.557|5.682|82426.0
eReader:514|5.552|5.268|5.481|146367.0
eReader:515|5.878|5.453|5.682|126516.0
eReader:516|5.666|5.513|5.552|78686.0
eReader:517|5.606|5.47|5.486|54124.0
eReader:518|5.519|5.241|5.355|65288.0
eReader:519|5.415|5.328|5.361|30203.0
eReader:520|5.584|5.334|5.486|51582.0
eReader:521|5.486|5.372|5.448|34967.0
eReader:522|5.568|5.355|5.372|46719.0
eReader:523|5.459|5.35|5.41|29496.0
eReader:524|5.312|4.871|4.871|72333.0
eReader:525|5.007|4.783|4.996|42659.0
eReader:526|5.29|5.034|5.197|54859.0
eReader:527|5.312|5.078|5.197|44198.0
eReader:528|5.257|5.176|5.214|28416.0
eReader:529|5.323|5.214|5.29|35166.0
eReader:530|5.355|5.268|5.296|38006.0
eReader:531|5.252|5.127|5.176|36009.0
eReader:532|5.366|5.192|5.246|51541.0
eReader:533|5.203|5.023|5.116|36817.0
eReader:534|5.339|5.17|5.252|43177.0
eReader:535|5.421|5.225|5.35|49763.0
eReader:536|5.323|5.219|5.257|32253.0
eReader:537|5.306|5.067|5.143|35542.0
eReader:538|5.181|5.094|5.154|21413.0
eReader:539|5.17|4.909|4.969|35807.0
eReader:540|5.056|4.914|5.012|20861.0
eReader:541|5.11|4.974|5.05|19294.0
eReader:542|5.11|4.941|4.952|20123.0
eReader:543|5.001|4.767|4.822|44010.0
eReader:544|4.936|4.822|4.892|102183.0
eReader:545|5.094|4.887|5.067|86099.0
eReader:546|5.067|4.843|4.892|48170.0
eReader:547|4.936|4.838|4.86|38521.0
eReader:548|4.969|4.822|4.892|35169.0
eReader:549|4.925|4.685|4.914|39966.0
eReader:550|4.963|4.86|4.947|31450.0
eReader:551|5.056|4.93|5.056|39186.0
eReader:552|5.312|5.094|5.176|72294.0
eReader:553|5.693|5.138|5.693|196662.0
eReader:554|6.265|5.699|6.031|416940.0
eReader:555|5.982|5.611|5.65|231905.0
eReader:556|5.682|5.481|5.552|105691.0
eReader:557|6.107|5.53|6.107|183911.0
eReader:558|6.472|6.047|6.069|308702.0
eReader:559|6.401|6.036|6.216|240340.0
eReader:560|6.472|6.085|6.243|192240.0
eReader:561|6.641|6.118|6.173|243194.0
eReader:562|6.2|5.998|6.118|153949.0
eReader:563|6.2|6.031|6.031|99848.0
eReader:564|5.971|5.731|5.824|110993.0
eReader:565|5.922|5.78|5.857|66782.0
eReader:566|5.868|5.671|5.72|63045.0
eReader:567|5.87|5.48|5.48|142165.0
eReader:568|5.41|5.13|5.19|144012.0
eReader:569|5.38|5.17|5.21|88195.0
eReader:570|5.34|5.04|5.13|91294.0
eReader:571|4.9|4.62|4.62|82528.0
eReader:572|4.61|4.19|4.48|180654.0
eReader:573|4.56|4.39|4.48|91249.0
eReader:574|4.53|4.33|4.33|85143.0
eReader:575|4.45|4.26|4.44|98918.0
eReader:576|4.45|4.22|4.27|85344.0
eReader:577|4.37|4.23|4.28|65705.0
eReader:578|4.28|4.09|4.09|110851.0
eReader:579|4.21|4.05|4.12|78109.0
eReader:580|4.53|4.07|4.53|117066.0
eReader:581|4.47|4.08|4.29|196287.0
eReader:582|4.68|4.23|4.54|266940.0
eReader:583|4.9|4.38|4.68|277710.0
eReader:584|4.84|4.52|4.68|173669.0
eReader:585|4.78|4.52|4.53|126061.0
eReader:586|4.6|4.3|4.57|126355.0
eReader:587|4.6|4.39|4.41|85862.0
eReader:588|4.46|4.11|4.18|109986.0
eReader:589|4.6|4.18|4.6|155307.0
eReader:590|4.89|4.61|4.69|283486.0
eReader:591|4.87|4.64|4.79|190424.0
eReader:592|4.78|4.45|4.56|132224.0
eReader:593|4.69|4.41|4.44|114287.0
eReader:594|4.61|4.27|4.49|143097.0
eReader:595|4.94|4.65|4.94|87465.0
eReader:596|5.43|5.43|5.43|58481.0
eReader:597|5.97|5.18|5.71|761322.0
eReader:598|6.28|5.62|6.12|850962.0
eReader:599|5.79|5.51|5.51|618931.0
eReader:600|5.4|5.2|5.3|353716.0
eReader:601|5.35|5.12|5.27|243568.0
eReader:602|5.51|5.16|5.42|395271.0
eReader:603|5.37|5.12|5.19|234667.0
eReader:604|5.23|5.06|5.18|148271.0
eReader:605|5.27|5.11|5.25|161992.0
eReader:606|5.3|5.16|5.27|171110.0
eReader:607|5.45|5.24|5.26|180110.0
eReader:608|5.35|5.13|5.32|159511.0
eReader:609|5.85|5.38|5.56|453074.0
eReader:610|5.0|5.0|5.0|53228.0
eReader:611|4.95|4.55|4.7|320470.0
eReader:612|4.7|4.46|4.46|203634.0
eReader:613|4.63|4.37|4.58|154334.0
eReader:614|4.58|4.43|4.48|79472.0
eReader:615|4.6|4.4|4.45|70741.0
eReader:616|4.58|4.38|4.56|77089.0
eReader:617|4.68|4.5|4.52|90923.0
eReader:618|4.62|4.47|4.59|95113.0
eReader:619|4.59|4.52|4.55|66756.0
eReader:620|4.5|4.4|4.47|74833.0
eReader:621|4.57|4.47|4.54|68000.0
eReader:622|4.53|4.41|4.42|55389.0
eReader:623|4.42|4.31|4.32|56065.0
eReader:624|4.41|4.21|4.23|49551.0
eReader:625|4.39|4.17|4.38|51804.0
eReader:626|4.43|4.3|4.38|51693.0
eReader:627|4.39|4.3|4.32|29074.0
eReader:628|4.43|4.25|4.37|58672.0
eReader:629|4.39|4.25|4.32|47839.0
eReader:630|4.69|4.43|4.5|115503.0
eReader:631|4.48|4.41|4.43|62889.0
eReader:632|4.46|4.39|4.4|37999.0
eReader:633|4.59|4.37|4.43|91667.0
eReader:634|4.41|4.26|4.32|62292.0
eReader:635|4.36|4.24|4.32|35763.0
eReader:636|4.37|4.27|4.36|40680.0
eReader:637|4.36|4.27|4.27|39693.0
eReader:638|4.34|4.23|4.28|33674.0
eReader:639|4.43|4.24|4.35|68998.0
eReader:640|4.79|4.79|4.79|17349.0
eReader:641|5.27|4.61|4.61|443044.0
eReader:642|4.43|4.15|4.38|250210.0
0 0
(0, 0)
0 0
(0, 0)
0 0
(0, 0)
0 0
(0, 0)
0 0
(0, 0)
0 0
(0, 0)
0 0
(0, 0)
0 0
(0, 0)
0 0
(0, 0)
0 0
(0, 0)
0 0
(0, 0)
0 0
(0, 0)
0 0
(0, 0)
0 0
(0, 0)
0 0
(0, 0)
0 0
(0, 0)
0 0
(0, 0)
0 0
(0, 0)
0 0
(0, 0)
0 0
(0, 0)
0 0
(0, 0)
0 0
(0, 0)
0 0
(0, 0)
0 0
(0, 0)
0 0
(0, 0)
0 0
(0, 0)
0 0
(0, 0)
0 0
(0, 0)
0 0
(0, 0)
0 0
(0, 0)
0 0
(0, 0)
0 0
(0, 0)
0 0
(0, 0)
0 0
(0, 0)
0 0
(0, 0)
0 0
(0, 0)
0 0
(0, 0)
0 0
(0, 0)
0 0
(0, 0)
0 0
(0, 0)
0 0
(0, 0)
0 0
(0, 0)
0 0
(0, 0)
0 0
(0, 0)
0 0
(0, 0)
0 0
(0, 0)
0 0
(0, 0)
0 0
(0, 0)
0 0
(0, 0)
0 0
(0, 0)
0 0
(0, 0)
0 0
(0, 0)
0 0
(0, 0)
0 0
(0, 0)
0 0
(0, 0)
0 0
(0, 0)
0 0
(0, 0)
0 0
(0, 0)
0 0
(0, 0)
0 0
(0, 0)
0 0
(0, 0)
0 0
(0, 0)
0 0
(0, 0)
0 0
(0, 0)
0 0
(0, 0)
0 0
(0, 0)
0 0
(0, 0)
0 0
(0, 0)
0 0
(0, 0)
0 0
(0, 0)
0 0
(0, 0)
0 0
(0, 0)
0 0
(0, 0)
0 0
(0, 0)
0 0
(0, 0)
0 0
(0, 0)
0 0
(0, 0)
0 0
(0, 0)
0 0
(0, 0)
0 0
(0, 0)
0 0
(0, 0)
0 0
(0, 0)
0 0
(0, 0)
0 0
(0, 0)
0 0
(0, 0)
0 0
(0, 0)
0 0
(0, 0)
0 0
(0, 0)
0 0
(0, 0)
0 0
(0, 0)
0 0
(0, 0)
0 0
(0, 0)
0 0
(0, 0)
0 0
(0, 0)
0 0
(0, 0)
0 0
(0, 0)
0 0
(0, 0)
0 0
(0, 0)
0 0
(0, 0)
0 0
(0, 0)
0 0
(0, 0)
0 0
(0, 0)
0 0
(0, 0)
0 0
(0, 0)
0 0
(0, 0)
0 0
(0, 0)
0 0
(0, 0)
0 0
(0, 0)
0 0
(0, 0)
0 0
(0, 0)
0 0
(0, 0)
0 0
(0, 0)
0 0
(0, 0)
0 0
(0, 0)
0 0
(0, 0)
0 0
(0, 0)
0 0
(0, 0)
0 0
(0, 0)
0 0
(0, 0)
0 0
(0, 0)
0 0
(0, 0)
0 0
(0, 0)
0 0
(0, 0)
0 0
(0, 0)
0 0
(0, 0)
0 0
(0, 0)
0 0
(0, 0)
0 0
(0, 0)
0 0
(0, 0)
0 0
(0, 0)
0 0
(0, 0)
0 0
(0, 0)
0 0
(0, 0)
0 0
(0, 0)
0 0
(0, 0)
0 0
(0, 0)
0 0
(0, 0)
0 0
(0, 0)
0 0
(0, 0)
0 0
(0, 0)
0 0
(0, 0)
0 0
(0, 0)
0 0
(0, 0)
0 0
(0, 0)
0 0
(0, 0)
0 0
(0, 0)
0 0
(0, 0)
0 0
(0, 0)
0 0
(0, 0)
0 0
(0, 0)
0 0
(0, 0)
0 0
(0, 0)
0 0
(0, 0)
0 0
(0, 0)
0 0
(0, 0)
0 0
(0, 0)
0 0
(0, 0)
0 0
(0, 0)
0 0
(0, 0)
0 0
(0, 0)
0 0
(0, 0)
0 0
(0, 0)
0 0
(0, 0)
0 0
(0, 0)
0 0
(0, 0)
0 0
(0, 0)
0 0
(0, 0)
0 0
(0, 0)
0 0
(0, 0)
0 0
(0, 0)
0 0
(0, 0)
0 0
(0, 0)
0 0
(0, 0)
0 0
(0, 0)
0 0
(0, 0)
0 0
(0, 0)
0 0
(0, 0)
0 0
(0, 0)
0 0
(0, 0)
0 0
(0, 0)
0 0
(0, 0)
0 0
(0, 0)
0 0
(0, 0)
0 0
(0, 0)
0 0
(0, 0)
0 0
(0, 0)
0 0
(0, 0)
0 0
(0, 0)
0 0
(0, 0)
0 0
(0, 0)
0 0
(0, 0)
0 0
(0, 0)
0 0
(0, 0)
0 0
(0, 0)
0 0
(0, 0)
0 0
(0, 0)
0 0
(0, 0)
0 0
(0, 0)
0 0
(0, 0)
0 0
(0, 0)
0 0
(0, 0)
0 0
(0, 0)
0 0
(0, 0)
0 0
(0, 0)
0 0
(0, 0)
0 0
(0, 0)
0 0
(0, 0)
0 0
(0, 0)
0 0
(0, 0)
0 0
(0, 0)
0 0
(0, 0)
0 0
(0, 0)
0 0
(0, 0)
0 0
(0, 0)
0 0
(0, 0)
0 0
(0, 0)
0 0
(0, 0)
0 0
(0, 0)
0 0
(0, 0)
0 0
(0, 0)
0 0
(0, 0)
0 0
(0, 0)
0 0
(0, 0)
0 0
(0, 0)
0 0
(0, 0)
0 0
(0, 0)
0 0
(0, 0)
0 0
(0, 0)
0 0
(0, 0)
0 0
(0, 0)
0 0
(0, 0)
0 0
(0, 0)
0 0
(0, 0)
0 0
(0, 0)
0 0
(0, 0)
0 0
(0, 0)
0 0
(0, 0)
0 0
(0, 0)
0 0
(0, 0)
0 0
(0, 0)
0 0
(0, 0)
0 0
(0, 0)
0 0
(0, 0)
0 0
(0, 0)
0 0
(0, 0)
0 0
(0, 0)
0 0
(0, 0)
0 0
(0, 0)
0 0
(0, 0)
0 0
(0, 0)
0 0
(0, 0)
0 0
(0, 0)
0 0
(0, 0)
0 0
(0, 0)
0 0
(0, 0)
0 0
(0, 0)
0 0
(0, 0)
0 0
(0, 0)
0 0
(0, 0)
0 0
(0, 0)
0 0
(0, 0)
0 0
(0, 0)
0 0
(0, 0)
0 0
(0, 0)
0 0
(0, 0)
0 0
(0, 0)
0 0
(0, 0)
0 0
(0, 0)
0 0
(0, 0)
0 0
(0, 0)
0 0
(0, 0)
0 0
(0, 0)
0 0
(0, 0)
0 0
(0, 0)
0 0
(0, 0)
0 0
(0, 0)
0 0
(0, 0)
0 0
(0, 0)
0 0
(0, 0)
0 0
(0, 0)
0 0
(0, 0)
0 0
(0, 0)
0 0
(0, 0)
0 0
(0, 0)
0 0
(0, 0)
0 0
(0, 0)
0 0
(0, 0)
0 0
(0, 0)
0 0
(0, 0)
0 0
(0, 0)
0 0
(0, 0)
0 0
(0, 0)
0 0
(0, 0)
0 0
(0, 0)
0 0
(0, 0)
0 0
(0, 0)
0 0
(0, 0)
0 0
(0, 0)
0 0
(0, 0)
0 0
(0, 0)
0 0
(0, 0)
0 0
(0, 0)
0 0
(0, 0)
0 0
(0, 0)
0 0
(0, 0)
0 0
(0, 0)
0 0
(0, 0)
0 0
(0, 0)
0 0
(0, 0)
0 0
(0, 0)
0 0
(0, 0)
0 0
(0, 0)
0 0
(0, 0)
0 0
(0, 0)
0 0
(0, 0)
0 0
(0, 0)
0 0
(0, 0)
0 0
(0, 0)
0 0
(0, 0)
0 0
(0, 0)
0 0
(0, 0)
0 0
(0, 0)
0 0
(0, 0)
0 0
(0, 0)
0 0
(0, 0)
0 0
(0, 0)
0 0
(0, 0)
0 0
(0, 0)
0 0
(0, 0)
0 0
(0, 0)
0 0
(0, 0)
0 0
(0, 0)
0 0
(0, 0)
0 0
(0, 0)
0 0
(0, 0)
0 0
(0, 0)
0 0
(0, 0)
0 0
(0, 0)
0 0
(0, 0)
0 0
(0, 0)
0 0
(0, 0)
0 0
(0, 0)
0 0
(0, 0)
0 0
(0, 0)
0 0
(0, 0)
0 0
(0, 0)
0 0
(0, 0)
0 0
(0, 0)
0 0
(0, 0)
0 0
(0, 0)
0 0
(0, 0)
0 0
(0, 0)
0 0
(0, 0)
0 0
(0, 0)
0 0
(0, 0)
0 0
(0, 0)
0 0
(0, 0)
0 0
(0, 0)
0 0
(0, 0)
0 0
(0, 0)
0 0
(0, 0)
0 0
(0, 0)
0 0
(0, 0)
0 0
(0, 0)
0 0
(0, 0)
0 0
(0, 0)
0 0
(0, 0)
0 0
(0, 0)
0 0
(0, 0)
0 0
(0, 0)
0 0
(0, 0)
0 0
(0, 0)
0 0
(0, 0)
0 0
(0, 0)
0 0
(0, 0)
0 0
(0, 0)
0 0
(0, 0)
0 0
(0, 0)
0 0
(0, 0)
0 0
(0, 0)
0 0
(0, 0)
0 0
(0, 0)
0 0
(0, 0)
0 0
(0, 0)
0 0
(0, 0)
0 0
(0, 0)
0 0
(0, 0)
0 0
(0, 0)
0 0
(0, 0)
0 0
(0, 0)
0 0
(0, 0)
0 0
(0, 0)
0 0
(0, 0)
0 0
(0, 0)
0 0
(0, 0)
0 0
(0, 0)
0 0
(0, 0)
0 0
(0, 0)
0 0
(0, 0)
0 0
(0, 0)
0 0
(0, 0)
0 0
(0, 0)
0 0
(0, 0)
0 0
(0, 0)
0 0
(0, 0)
0 0
(0, 0)
0 0
(0, 0)
0 0
(0, 0)
0 0
(0, 0)
0 0
(0, 0)
0 0
(0, 0)
0 0
(0, 0)
0 0
(0, 0)
0 0
(0, 0)
0 0
(0, 0)
0 0
(0, 0)
0 0
(0, 0)
0 0
(0, 0)
0 0
(0, 0)
0 0
(0, 0)
0 0
(0, 0)
0 0
(0, 0)
0 0
(0, 0)
0 0
(0, 0)
0 0
(0, 0)
0 0
(0, 0)
0 0
(0, 0)
0 0
(0, 0)
0 0
(0, 0)
0 0
(0, 0)
0 0
(0, 0)
0 0
(0, 0)
0 0
(0, 0)
0 0
(0, 0)
0 0
(0, 0)
0 0
(0, 0)
0 0
(0, 0)
0 0
(0, 0)
0 0
(0, 0)
0 0
(0, 0)
0 0
(0, 0)
0 0
(0, 0)
0 0
(0, 0)
0 0
(0, 0)
0 0
(0, 0)
0 0
(0, 0)
0 0
(0, 0)
0 0
(0, 0)
0 0
(0, 0)
0 0
(0, 0)
0 0
(0, 0)
0 0
(0, 0)
0 0
(0, 0)
0 0
(0, 0)
0 0
(0, 0)
0 0
(0, 0)
0 0
(0, 0)
0 0
(0, 0)
0 0
(0, 0)
0 0
(0, 0)
0 0
(0, 0)
0 0
(0, 0)
0 0
(0, 0)
0 0
(0, 0)
0 0
(0, 0)
0 0
(0, 0)
0 0
(0, 0)
0 0
(0, 0)
0 0
(0, 0)
0 0
(0, 0)
0 0
(0, 0)
0 0
(0, 0)
0 0
(0, 0)
0 0
(0, 0)
0 0
(0, 0)
0 0
(0, 0)
0 0
(0, 0)
0 0
(0, 0)
0 0
(0, 0)
0 0
(0, 0)
0 0
(0, 0)
0 0
(0, 0)
0 0
(0, 0)
0 0
(0, 0)
0 0
(0, 0)
0 0
(0, 0)
0 0
(0, 0)
0 0
(0, 0)
0 0
(0, 0)
0 0
(0, 0)
0 0
(0, 0)
0 0
(0, 0)
0 0
(0, 0)
0 0
(0, 0)
0 0
(0, 0)
0 0
(0, 0)
0 0
(0, 0)
0 0
(0, 0)
0 0
(0, 0)
0 0
(0, 0)
0 0
(0, 0)
0 0
(0, 0)
0 0
(0, 0)
0 0
(0, 0)
0 0
(0, 0)
0 0
(0, 0)
0 0
(0, 0)
0 0
(0, 0)
0 0
(0, 0)
0 0
(0, 0)
0 0
(0, 0)
0 0
(0, 0)
0 0
(0, 0)
0 0
(0, 0)
0 0
(0, 0)
0 0
(0, 0)
0 0
(0, 0)
0 0
(0, 0)
0 0
(0, 0)
0 0
(0, 0)
0 0
(0, 0)
0 0
(0, 0)
0 0
(0, 0)
0 0
(0, 0)
0 0
(0, 0)
0 0
(0, 0)
0 0
(0, 0)
0 0
(0, 0)
0 0
(0, 0)
0 0
(0, 0)
0 0
(0, 0)
0 0
(0, 0)
0 0
(0, 0)
0 0
(0, 0)
0 0
(0, 0)
0 0
(0, 0)
0 0
(0, 0)
0 0
(0, 0)
0 0
(0, 0)
0 0
(0, 0)
0 0
(0, 0)
0 0
(0, 0)
0 0
(0, 0)
0 0
(0, 0)
0 0
(0, 0)
0 0
(0, 0)
0 0
(0, 0)
0 0
(0, 0)
0 0
(0, 0)
0 0
(0, 0)
0 0
(0, 0)
0 0
(0, 0)
0 0
(0, 0)
0 0
(0, 0)
0 0
(0, 0)
0 0
(0, 0)
0 0
(0, 0)
0 0
(0, 0)
0 0
(0, 0)
0 0
(0, 0)
0 0
(0, 0)
0 0
(0, 0)
0 0
(0, 0)
0 0
(0, 0)
0 0
(0, 0)
0 0
(0, 0)
0 0
(0, 0)
0 0
(0, 0)
0 0
(0, 0)
0 0
(0, 0)
0 0
(0, 0)
0 0
(0, 0)
0 0
(0, 0)
0 0
(0, 0)
0 0
(0, 0)
0 0
(0, 0)
0 0
(0, 0)
0 0
(0, 0)
0 0
(0, 0)
0 0
(0, 0)
0 0
(0, 0)
0 0
(0, 0)
0 0
(0, 0)
0 0
(0, 0)
0 0
(0, 0)
0 0
(0, 0)
0 0
(0, 0)
0 0
(0, 0)
0 0
(0, 0)
0 0
(0, 0)
0 0
(0, 0)
0 0
(0, 0)
0 0
(0, 0)
0 0
(0, 0)
0 0
(0, 0)
0 0
(0, 0)
0 0
(0, 0)
0 0
(0, 0)
0 0
(0, 0)
0 0
(0, 0)
0 0
(0, 0)
0 0
(0, 0)
0 0
(0, 0)
0 0
(0, 0)
0 0
(0, 0)
0 0
(0, 0)
0 0
(0, 0)
0 0
(0, 0)
0 0
(0, 0)
0 0
(0, 0)
0 0
(0, 0)
0 0
(0, 0)
0 0
(0, 0)
0 0
(0, 0)
0 0
(0, 0)
0 0
(0, 0)
0 0
(0, 0)
0 0
(0, 0)
0 0
(0, 0)
0 0
(0, 0)
0 0
(0, 0)
0 0
(0, 0)
0 0
(0, 0)
0 0
(0, 0)
0 0
(0, 0)
0 0
(0, 0)
0 0
(0, 0)
0 0
(0, 0)
0 0
(0, 0)
0 0
(0, 0)
0 0
(0, 0)
0 0
(0, 0)
0 0
(0, 0)
0 0
(0, 0)
0 0
(0, 0)
0 0
(0, 0)
0 0
(0, 0)
0 0
(0, 0)
0 0
(0, 0)
0 0
(0, 0)
0 0
(0, 0)
0 0
(0, 0)
0 0
(0, 0)
0 0
(0, 0)
0 0
(0, 0)
0 0
(0, 0)
0 0
(0, 0)
0 0
(0, 0)
0 0
(0, 0)
0 0
(0, 0)
0 0
(0, 0)
0 0
(0, 0)
0 0
(0, 0)
0 0
(0, 0)
0 0
(0, 0)
0 0
(0, 0)
0 0
(0, 0)
0 0
(0, 0)
0 0
(0, 0)
0 0
(0, 0)
0 0
(0, 0)
0 0
(0, 0)
0 0
(0, 0)
0 0
(0, 0)
0 0
(0, 0)
0 0
(0, 0)
0 0
(0, 0)
0 0
(0, 0)
0 0
(0, 0)
0 0
(0, 0)
0 0
(0, 0)
0 0
(0, 0)
0 0
(0, 0)
0 0
(0, 0)
0 0
(0, 0)
0 0
(0, 0)
0 0
(0, 0)
0 0
(0, 0)
0 0
(0, 0)
0 0
(0, 0)
0 0
(0, 0)
0 0
(0, 0)
0 0
(0, 0)
0 0
(0, 0)
0 0
(0, 0)
0 0
(0, 0)
0 0
(0, 0)
0 0
(0, 0)
0 0
(0, 0)
0 0
(0, 0)
0 0
(0, 0)
0 0
(0, 0)
0 0
(0, 0)
0 0
(0, 0)
0 0
(0, 0)
0 0
(0, 0)
0 0
(0, 0)
0 0
(0, 0)
0 0
(0, 0)
0 0
(0, 0)
0 0
(0, 0)
0 0
(0, 0)
0 0
(0, 0)
0 0
(0, 0)
0 0
(0, 0)
0 0
(0, 0)
0 0
(0, 0)
0 0
(0, 0)
0 0
(0, 0)
0 0
(0, 0)
0 0
(0, 0)
0 0
(0, 0)
0 0
(0, 0)
0 0
(0, 0)
0 0
(0, 0)
0 0
(0, 0)
0 0
(0, 0)
0 0
(0, 0)
0 0
(0, 0)
0 0
(0, 0)
0 0
(0, 0)
0 0
(0, 0)
0 0
(0, 0)
0 0
(0, 0)
0 0
(0, 0)
0 0
(0, 0)
0 0
(0, 0)
0 0
(0, 0)
0 0
(0, 0)
0 0
(0, 0)
0 0
(0, 0)
0 0
(0, 0)
0 0
(0, 0)
0 0
(0, 0)
0 0
(0, 0)
0 0
(0, 0)
0 0
(0, 0)
0 0
(0, 0)
0 0
(0, 0)
0 0
(0, 0)
0 0
(0, 0)
0 0
(0, 0)
0 0
(0, 0)
0 0
(0, 0)
0 0
(0, 0)
0 0
(0, 0)
0 0
(0, 0)
0 0
(0, 0)
0 0
(0, 0)
0 0
(0, 0)
0 0
(0, 0)
0 0
(0, 0)
0 0
(0, 0)
0 0
(0, 0)
0 0
(0, 0)
0 0
(0, 0)
0 0
(0, 0)
0 0
(0, 0)
0 0
(0, 0)
0 0
(0, 0)
0 0
(0, 0)
0 0
(0, 0)
0 0
(0, 0)
0 0
(0, 0)
0 0
(0, 0)
0 0
(0, 0)
0 0
(0, 0)
0 0
(0, 0)
0 0
(0, 0)
0 0
(0, 0)
0 0
(0, 0)
0 0
(0, 0)
0 0
(0, 0)
0 0
(0, 0)
0 0
(0, 0)
0 0
(0, 0)
0 0
(0, 0)
0 0
(0, 0)
0 0
(0, 0)
0 0
(0, 0)
0 0
(0, 0)
0 0
(0, 0)
0 0
(0, 0)
0 0
(0, 0)
0 0
(0, 0)
0 0
(0, 0)
0 0
(0, 0)
0 0
(0, 0)
0 0
(0, 0)
0 0
(0, 0)
0 0
(0, 0)
0 0
(0, 0)
0 0
(0, 0)
0 0
(0, 0)
0 0
(0, 0)
0 0
(0, 0)
0 0
(0, 0)
0 0
(0, 0)
0 0
(0, 0)
0 0
(0, 0)
0 0
(0, 0)
0 0
(0, 0)
0 0
(0, 0)
0 0
(0, 0)
0 0
(0, 0)
0 0
(0, 0)
0 0
(0, 0)
0 0
(0, 0)
0 0
(0, 0)
0 0
(0, 0)
0 0
(0, 0)
0 0
(0, 0)
0 0
(0, 0)
0 0
(0, 0)
0 0
(0, 0)
0 0
(0, 0)
0 0
(0, 0)
0 0
(0, 0)
0 0
(0, 0)
0 0
(0, 0)
0 0
(0, 0)
0 0
(0, 0)
0 0
(0, 0)
0 0
(0, 0)
0 0
(0, 0)
0 0
(0, 0)
0 0
(0, 0)
0 0
(0, 0)
0 0
(0, 0)
0 0
(0, 0)
0 0
(0, 0)
0 0
(0, 0)
0 0
(0, 0)
0 0
(0, 0)
0 0
(0, 0)
0 0
(0, 0)
0 0
(0, 0)
0 0
(0, 0)
0 0
(0, 0)
0 0
(0, 0)
0 0
(0, 0)
0 0
(0, 0)
0 0
(0, 0)
0 0
(0, 0)
0 0
(0, 0)
0 0
(0, 0)
0 0
(0, 0)
0 0
(0, 0)
0 0
(0, 0)
0 0
(0, 0)
0 0
(0, 0)
0 0
(0, 0)
0 0
(0, 0)
0 0
(0, 0)
0 0
(0, 0)
0 0
(0, 0)
0 0
(0, 0)
0 0
(0, 0)
0 0
(0, 0)
0 0
(0, 0)
0 0
(0, 0)
0 0
(0, 0)
0 0
(0, 0)
0 0
(0, 0)
0 0
(0, 0)
0 0
(0, 0)
0 0
(0, 0)
0 0
(0, 0)
0 0
(0, 0)
0 0
(0, 0)
0 0
(0, 0)
0 0
(0, 0)
0 0
(0, 0)
0 0
(0, 0)
0 0
(0, 0)
0 0
(0, 0)
0 0
(0, 0)
0 0
(0, 0)
0 0
(0, 0)
0 0
(0, 0)
0 0
(0, 0)
0 0
(0, 0)
0 0
(0, 0)
0 0
(0, 0)
0 0
(0, 0)
0 0
(0, 0)
0 0
(0, 0)
0 0
(0, 0)
0 0
(0, 0)
0 0
(0, 0)
0 0
(0, 0)
0 0
(0, 0)
0 0
(0, 0)
0 0
(0, 0)
0 0
(0, 0)
0 0
(0, 0)
0 0
(0, 0)
0 0
(0, 0)
0 0
(0, 0)
0 0
(0, 0)
0 0
(0, 0)
0 0
(0, 0)
0 0
(0, 0)
0 0
(0, 0)
0 0
(0, 0)
0 0
(0, 0)
0 0
(0, 0)
0 0
(0, 0)
0 0
(0, 0)
0 0
(0, 0)
0 0
(0, 0)
0 0
(0, 0)
0 0
(0, 0)
0 0
(0, 0)
0 0
(0, 0)
0 0
(0, 0)
0 0
(0, 0)
0 0
(0, 0)
0 0
(0, 0)
0 0
(0, 0)
0 0
(0, 0)
0 0
(0, 0)
0 0
(0, 0)
0 0
(0, 0)
0 0
(0, 0)
0 0
(0, 0)
0 0
(0, 0)
0 0
(0, 0)
0 0
(0, 0)
0 0
(0, 0)
0 0
(0, 0)
0 0
(0, 0)
0 0
(0, 0)
0 0
(0, 0)
0 0
(0, 0)
0 0
(0, 0)
0 0
(0, 0)
0 0
(0, 0)
0 0
(0, 0)
0 0
(0, 0)
0 0
(0, 0)
0 0
(0, 0)
0 0
(0, 0)
0 0
(0, 0)
0 0
(0, 0)
0 0
(0, 0)
0 0
(0, 0)
0 0
(0, 0)
0 0
(0, 0)
0 0
(0, 0)
0 0
(0, 0)
0 0
(0, 0)
0 0
(0, 0)
0 0
(0, 0)
0 0
(0, 0)
0 0
(0, 0)
0 0
(0, 0)
0 0
(0, 0)
0 0
(0, 0)
0 0
(0, 0)
0 0
(0, 0)
0 0
(0, 0)
0 0
(0, 0)
0 0
(0, 0)
0 0
(0, 0)
0 0
(0, 0)
0 0
(0, 0)
0 0
(0, 0)
0 0
(0, 0)
0 0
(0, 0)
0 0
(0, 0)
0 0
(0, 0)
0 0
(0, 0)
0 0
(0, 0)
0 0
(0, 0)
0 0
(0, 0)
0 0
(0, 0)
0 0
(0, 0)
0 0
(0, 0)
0 0
(0, 0)
0 0
(0, 0)
0 0
(0, 0)
0 0
(0, 0)
0 0
(0, 0)
0 0
(0, 0)
0 0
(0, 0)
0 0
(0, 0)
0 0
(0, 0)
0 0
(0, 0)
0 0
(0, 0)
0 0
(0, 0)
0 0
(0, 0)
0 0
(0, 0)
0 0
(0, 0)
0 0
(0, 0)
0 0
(0, 0)
0 0
(0, 0)
0 0
(0, 0)
0 0
(0, 0)
0 0
(0, 0)
0 0
(0, 0)
0
Manually Check /var/tmp/history/300425
0 0
