 300751
 000691
 600730
 002067
 600658
 600604
 300299
 002708
 600493
 000966
 000509
 002420
 600683
 600462
 603058
 002417
 600624
 600666
 600082
 300428
 603386
 600133
 300464
 300505
 603803
 300653
 603499
 600689
 600463
 600283
 600250
 600235
 600212
 600128
 300703
 002660
 002575
 000638
 603283
 002054
 300590
 603269
 300549
 002547
 300041
 300674
 603389
 000626
 603758
 002692
 000605
 002571
 600791
 002622
 000068
 002477
 000892
 002917
 600232
 002696
 000622
 002061
 300292
 002359
 002558
 000811
 002725
 002244
 300525
 002509
 603238
 300702
 603505
 600271
 600481
 300328
 300265
 600146
 300638
 300238
 600783
 600736
 000670
 300686
 300731
 300356
 600870
 300394
 002482
 002680
 000995
 002260
 002112
 600817
 601869
 600701
 000409
 601890
 600610
 002563
 300248
 002281
 000533
 600275
 000939
 600608
 002427
 002122
 600202
 600433
 000797
 002787
 300689
 300644
 300201
 002576
 002495
 300563
 300483
 002602
 002133
 600393
 600530
 002489
 002652
 300560
 603677
 300742
 300583
 603083
 000829
 603586
 002179
 600976
 603569
 002224
 600130
 300701
 600105
 600538
 601555
 002803
 300550
 600120
 000728
 000025
 300602
 603337
 300534
 300385
 300370
 000673
 000960
 002896
 600265
 603806
 002921
 603496
 002165
 002912
 002621
 603118
 002180
 300365
 603976
 002343
 000586
 300140
 300451
 300645
 300619
 002796
 002079
 002310
 300225
 002618
 603328
 002565
 603989
 002802
 600657
 002107
 000720
 600064
 300531
 600376
 600735
 300136
 300497
 002929
 002674
 600466
 002161
 600775
 000913
 600505
 600131
 000632
 000532
 603558
 002722
 300729
 300182
 002086
 603883
 002445
 002334
 002094
 000755
 002396
 300163
 300366
 002171
 002143
 600455
 300310
 002919
 600682
 002416
 600184
 000906
 002623
 002792
 600222
 002524
 300152
 600421
 002494
 601558
 300285
 603113
 000723
 002614
 002211
 600356
 002713
 000806
 002148
 000929
 300002
 600255
 002897
 300074
 002671
 600380
 300223
 300640
 002446
 002243
 300570
 300710
 300296
 300219
 603168
 000652
 600861
 600498
 603383
 600803
 601098
 000063
 002376
 603659
 603955
 000953
 603042
 000955
 300193
 603668
 600773
 002389
 600824
 002620
 300607
 600769
 300284
 002831
 002701
 300235
 300721
 300695
 603165
 002365
 600533
 002593
 002263
 300467
 600306
 300408
 002011
 600794
 002344
 603686
 300055
 300089
 300034
 002044
 600963
 300535
 000530
 603059
 002850
 600743
 002598
 300298
 603578
 603161
 002590
 002077
 000677
 603703
 002375
 300743
 300565
 002188
 603085
 000547
 002158
 600885
 603518
 002594
 600576
 600590
 300159
 603103
 300302
 300169
 000917
 002755
 600860
 000809
 000697
 000058
 002544
 002889
 002601
 300078
 300071
 600365
 603890
 002140
 300271
 002595
 300499
 300162
 000823
 002560
 000903
 600987
 300305
 002322
 002048
 300712
 300486
 603159
 300317
 300553
 002120
 300166
 002068
 601799
 600054
 603788
 300687
 300720
 002332
 002650
 300448
 300679
 000989
 002055
 603886
 600215
 600696
 300443
 002463
 603773
 600793
 603416
 300073
 600316
 603098
 300555
 601117
 002439
 000096
 002767
 300125
 603679
 002175
 002025
 002138
 002356
 002443
 000529
 002231
 000910
 002093
 000948
 002095
 002311
 300398
 300611
 002384
 000899
 603322
 000555
 603556
 002733
 603005
 603859
 603609
 000713
 300411
 002604
 300622
 002553
 300449
 603823
 300745
 600633
 600234
 300057
 002177
 002018
 300423
 002287
 300091
 600741
 601689
 603229
 600707
 002673
 600570
 603011
 603580
 300597
 000687
 002020
 002362
 300548
 600209
 002522
 600172
 600582
 600881
 603636
 002799
 600141
 000488
 600422
 600691
 002404
 300032
 002105
 000656
 600565
 600526
 002059
 002836
 300692
 000850
 300413
 000612
 000707
 603305
 601116
 601011
 603338
 600448
 300070
 000040
 002486
 603696
 600020
 603355
 000703
 600330
 300095
 600539
 600664
 300487
 002913
 002170
 300371
 000692
 300396
 002543
 603421
 600550
 002189
 300214
 600765
 603303
 002888
 603722
 300546
 002022
 600067
 300760
 300151
 600776
 603123
 000757
 600318
 002562
 300250
 603683
 002927
 002184
 000997
 600182
 300308
 603688
 600640
 300210
 001965
 300061
 603666
 002615
 002675
 300232
 300353
 300722
 000838
 002409
 300006
 600506
 000969
 600290
 002626
 603960
 300359
 002264
 600880
 600996
 300082
 600845
 603811
 300295
 000958
 002656
 300131
 300042
 002561
 300441
 000523
 002766
 300478
 300098
 002583
 000034
 300627
 603655
 600095
 600507
 002873
 000682
 002640
 300715
 300416
 600239
 603708
 600580
 600159
 000998
 300283
 300038
 300606
 300322
 000909
 300669
 300652
 600966
 603933
 300252
 600287
 002806
 002329
 603899
 300504
 600869
 601966
 002886
 002658
 600103
 300119
 000659
 300134
 002557
 603555
 300628
 600444
 002639
 002096
 300433
 002491
 300593
 600308
 002763
 002812
 002065
 300209
 600496
 300049
 300177
 600017
 300522
 603618
 002605
 002521
 002662
 000155
 002285
 002600
 601012
 002559
 300323
 300615
 603709
 300379
 601231
 300019
 600851
 300675
 600338
 002922
 000610
 300658
 002431
 300381
 603429
 002373
 002523
 002349
 600345
 300516
 300167
 600584
 002042
 002872
 300493
 300412
 300726
 600162
 600213
 002126
 601616
 600587
 000536
 000611
 300079
 300138
 300634
 603288
 600302
 002337
 000018
 603367
 000419
 300639
 002100
 600406
 601882
 002641
 300738
 600884
 603516
 600883
 300513
 002855
 300231
 002474
 603877
 600638
 002300
 002819
 300287
 002438
 600267
 002063
 600397
 002577
 000780
 600167
 300183
 300174
 603365
 002089
 600636
 601233
 300521
 600503
 600848
 600420
 300575
 002119
 600388
 000669
 002808
 000553
 300036
 300001
 600575
 603656
 300320
 002398
 600749
 600143
 600738
 603822
 002920
 000710
 300501
 300211
 002782
 600113
 603301
 600116
 002768
 300470
 002106
 600665
 600361
 300357
 002893
 600160
 300485
 600853
 002305
 002073
 300447
 600703
 600246
 000961
 000719
 600540
 603633
 600854
 600346
 002742
 300319
 603843
 603131
 300118
 600522
 600132
 601066
 600375
 601127
 600770
 002335
 300175
 002410
 600369
 002266
 002315
 603706
 603160
 300020
 002402
 300343
 000863
 603912
 600322
 002670
 002270
 603258
 600158
 603139
 002009
 300418
 300430
 300192
 000628
 002341
 000996
 600077
 300253
 600088
 002517
 600787
 300374
 000584
 603198
 002346
 002104
 603787
 300598
 300571
 300148
 000931
 300716
 600835
 002400
 300213
 000785
 600589
 002056
 002174
 300698
 002108
 000721
 603043
 300442
 601086
 300014
 002750
 603335
 600458
 002616
 000598
 300489
 603315
 002499
 300422
 002898
 603041
 600195
 300475
 601198
 601990
 300083
 601700
 002651
 000895
 002292
 002536
 002937
 603757
 601858
 002606
 300115
 600300
 603189
 600021
 000818
 002677
 300635
 002895
 300067
 002770
 600715
 601678
 000600
 300512
 002538
 002129
 002090
 300547
 000411
 002867
 300050
 603156
 300400
 002826
 600199
 600567
 603637
 000999
 600055
 002705
 300502
 300592
 002168
 002028
 002327
 300307
 600468
 002339
 600828
 603557
 600642
 603737
 300227
 600556
 002407
 603559
 002579
 002363
 300207
 002181
 000662
 000046
 600893
 300116
 603045
 002226
 300569
 300270
 000977
 600716
 600237
 603606
 300254
 300554
 600967
 002209
 300690
 600360
 300059
 300750
 002829
 600706
 002487
 601519
 603358
 300661
 300389
 002430
 300247
 002087
 300293
 002861
 002592
 002780
 603306
 600875
 002238
 000048
 300170
 002472
 000561
 600301
 300275
 600825
 002413
 002102
 300387
 002591
 002511
 002206
 002064
 002205
 603685
 600354
 300243
 300573
 300130
 603309
 300181
 300655
 002357
 601369
 600757
 300086
 002082
 603738
 000837
 600867
 600525
 300224
 600838
 300076
 002029
 300331
 002081
 600723
 603936
 600677
 300735
 002424
 000801
 002239
 600698
 000990
 600062
 002629
 002461
 300156
 300335
 300111
 002552
 000667
 603768
 002397
 002391
 300417
 603037
 002383
 300507
 600981
 000402
 300157
 601866
 002444
 002293
 002250
 600725
 600499
 000815
 603901
 300326
 002869
 603357
 000813
 300035
 300691
 603081
 600588
 600207
 300494
 600874
 002891
 002748
 600889
 300341
 002121
 002627
 002390
 002790
 300190
 002005
 601607
 600804
 002797
 603819
 603616
 300641
 002506
 002006
 002492
 002083
 000783
 002749
 600764
 603789
 601218
 000848
 000762
 300364
 002737
 600965
 603192
 300161
 300312
 000020
 000036
 603266
 002821
 000428
 603225
 600850
 002798
 002585
 300719
 300533
 300625
 000826
 002638
 300482
 300123
 600171
 000563
 000005
 600190
 002097
 000888
 002216
 600193
 603707
 300536
 600727
 000715
 000546
 300632
 002364
 002379
 603458
 002358
 300676
 601020
 000695
 002470
 002313
 002736
 002265
 600099
 000902
 600378
 002198
 603277
 300401
 300530
 002306
 000705
 600535
 300683
 600052
 300222
 300680
 000686
 603985
 300421
 300054
 002078
 002088
 603838
 600261
 300288
 300063
 002348
 601789
 600078
 300026
 300044
 300321
 000410
 300352
 300609
 300620
 002374
 603330
 603186
 300043
 002578
 002283
 600796
 300233
 300066
 600288
 601718
 300462
 000589
 002734
 601137
 300304
 000856
 002531
 603508
 300651
 300301
 300251
 300439
 603022
 603311
 002229
 000836
 600469
 600488
 002916
 300332
 002546
 002347
 300160
 601666
 000601
 002172
 603825
 000089
 002703
 601111
 300105
 002085
 600697
 300693
 000988
 601226
 300539
 600405
 600548
 300017
 002050
 002309
 300103
 601777
 000760
 000620
 600478
 000851
 600732
 002653
 300021
 603387
 300099
 300150
 603067
 300355
 002785
 300420
 603603
 300155
 000975
 600192
 603897
 603169
 002549
 002539
 600888
 300636
 600731
 600644
 600778
 300077
 002878
 002045
 300452
 603926
 300603
 002303
 601126
 000732
 002207
 300261
 300062
 002779
 002412
 601311
 300599
 000681
 603023
 300431
 300154
 300566
 300069
 603126
 603388
 600429
 002935
 300484
 300040
 002254
 002532
 000887
 002247
 300605
 603866
 000702
 002887
 603378
 600012
 002740
 000541
 000039
 600649
 300212
 000023
 600862
 600152
 000619
 002435
 601877
 600820
 300732
 603909
 002513
 603517
 300234
 002200
 300108
 300344
 002890
 002318
 000922
 601200
 601566
 300465
 000519
 300517
 603589
 600329
 600500
 002246
 600109
 002541
 300426
 600072
 603908
 300149
 000881
 601211
 002191
 000537
 603990
 600125
 603348
 603869
 000792
 300184
 603359
 603810
 603855
 002190
 600756
 002136
 300711
 300684
 600523
 601007
 600694
 300245
 600487
 002223
 600958
 000726
 600332
 603200
 601788
 300410
 603595
 002884
 002144
 300523
 002394
 002902
 600980
 300220
 300146
 600739
 603689
 603360
 002230
 002820
 603396
 300437
 002664
 603928
 603727
 002905
 300709
 300068
 600872
 600104
 603486
 300393
 300608
 002868
 603060
 300543
 600600
 603032
 300617
 300656
 603587
 002624
 600593
 603602
 603998
 603878
 603871
 603839
 603779
 603699
 603615
 603599
 603536
 603519
 603488
 603308
 603138
 603129
 603050
 603027
 603006
 601996
 601992
 601989
 601878
 601717
 601588
 601377
 601158
 601106
 601058
 601000
 600917
 600890
 600879
 600866
 600815
 600800
 600784
 600745
 600734
 600693
 600675
 600621
 600578
 600557
 600517
 600512
 600511
 600501
 600485
 600439
 600423
 600399
 600343
 600337
 600336
 600327
 600323
 600317
 600289
 600262
 600251
 600242
 600229
 600217
 600211
 600203
 600200
 600163
 600157
 600149
 600145
 600137
 600098
 600069
 600033
 300741
 300740
 300737
 300723
 300700
 300682
 300665
 300623
 300528
 300510
 300503
 300472
 300460
 300383
 300380
 300363
 300362
 300360
 300358
 300354
 300338
 300336
 300329
 300324
 300318
 300303
 300291
 300268
 300237
 300215
 300206
 300197
 300189
 300185
 300178
 300145
 300144
 300141
 300132
 300117
 300102
 300087
 300085
 300080
 300075
 300053
 300028
 300018
 300008
 300005
 002900
 002788
 002769
 002765
 002751
 002719
 002711
 002690
 002683
 002682
 002672
 002630
 002619
 002570
 002551
 002535
 002519
 002515
 002512
 002502
 002500
 002490
 002485
 002481
 002473
 002471
 002457
 002450
 002449
 002426
 002425
 002411
 002408
 002406
 002392
 002369
 002368
 002325
 002323
 002312
 002301
 002286
 002261
 002252
 002248
 002235
 002217
 002182
 002169
 002154
 002145
 002139
 002130
 002125
 002124
 002123
 002075
 002046
 002026
 002015
 002014
 002013
 001896
 000981
 000979
 000965
 000926
 000912
 000900
 000897
 000886
 000791
 000776
 000716
 000666
 000637
 000566
 000560
 000545
 000540
 000538
 000534
 000502
 000404
 000301
 000166
 000061
 000055
 000043
 000035
 000029
 000009
 000008
 603833
 000423
 002931
 603726
 600887
 300236
 300660
 603991
 603158
 603816
 002008
 002319
 300706
 002597
 603848
 002858
 002193
 300541
 300580
 600668
 603797
 300488
 300258
 603298
 603980
 300589
 300708
 600340
 000688
 300604
 300673
 300445
 300427
 603829
 300199
 300294
 002202
 002111
 603177
 300399
 600377
 600855
 000400
 002747
 002860
 603136
 002926
 603017
 600475
 002644
 603588
 002817
 000156
 300314
 300699
 300280
 002573
 600363
 002101
 600802
 600551
 603020
 600566
 601019
 300009
 603601
 603010
 002835
 601888
 600737
 000665
 603321
 603977
 600089
 600571
 603456
 300657
 600755
 002631
 603919
 000070
 603127
 603520
 601500
 300479
 300046
 002381
 000663
 603056
 002117
 601633
 300093
 002609
 603528
 002699
 002686
 002555
 002635
 002304
 002298
 000967
 601828
 600391
 300610
 600083
 601163
 002918
 002149
 002646
 300172
 300509
 002545
 600090
 300037
 603196
 603808
 600050
 000050
 600711
 600750
 603579
 002393
 300316
 603938
 600038
 002455
 600909
 300582
 300339
 002815
 600805
 300378
 002587
 000833
 000768
 300458
 002367
 000049
 603638
 300260
 002442
 300109
 600859
 600939
 002938
 600704
 300058
 600061
 300557
 300015
 603157
 300052
 002036
 000778
 600418
 603233
 600460
 300643
 600126
 601798
 300414
 002382
 000568
 300255
 600480
 600248
 000548
 300678
 002280
 600812
 000923
 600353
 300629
 300461
 600156
 002864
 000738
 600110
 600093
 300402
 300581
 002901
 603920
 603289
 600400
 600933
 000415
 300246
 600196
 002419
 603661
 300239
 002146
 000639
 600882
 600898
 600403
 002738
 600961
 600367
 000514
 600155
 002436
 600148
 002833
 002483
 002109
 000761
 300276
 600435
 300113
 000525
 002528
 002053
 300045
 300572
 600552
 600091
 603218
 000921
 603019
 000880
 603665
 000820
 603116
 601179
 300194
 002215
 002842
 600977
 000685
 600728
 600999
 600084
 603001
 600030
 002632
 000425
 600097
 300480
 601212
 300454
 600798
 600724
 603069
 600982
 002150
 600387
 000595
 000862
 600121
 600227
 601008
 600425
 300561
 601188
 600837
 000573
 002047
 300463
 002434
 000905
 603013
 300311
 000701
 603730
 600760
 002566
 000521
 600892
 603658
 300198
 600510
 603369
 002186
 600170
 002715
 002516
 603567
 000859
 002805
 600270
 002288
 600223
 300382
 002685
 300395
 002240
 300325
 000753
 600259
 300450
 000021
 600561
 300591
 300650
 300351
 002448
 002613
 603898
 603203
 002060
 600382
 603166
 603018
 300473
 600252
 002866
 300065
 000422
 300649
 600559
 300259
 000551
 601006
 601901
 300578
 600613
 002899
 002859
 601608
 600187
 600962
 300587
 603226
 002275
 600753
 600096
 603333
 300552
 600830
 000861
 600136
 300090
 600476
 603716
 002574
 600856
 000952
 300330
 601138
 600616
 300088
 000429
 603628
 002467
 000042
 600839
 603086
 600795
 000007
 601688
 600326
 603036
 300707
 300188
 601611
 600175
 600529
 603380
 002883
 603916
 600291
 002688
 000901
 000524
 002847
 000882
 600118
 600742
 000750
 002479
 002540
 600789
 601375
 600605
 600372
 002268
 000028
 300097
 002520
 000416
 002925
 002151
 600101
 300526
 601155
 600446
 603767
 002405
 600713
 603239
 601619
 600834
 600059
 300515
 002556
 300455
 002661
 600598
 300736
 600297
 002153
 000951
 600863
 300456
 000060
 603377
 002001
 002317
 300369
 601595
 600978
 603817
 000919
 002233
 000802
 002634
 002488
 300415
 603089
 603008
 000928
 600761
 600714
 000676
 601958
 000630
 600719
 002034
 600396
 300249
 300165
 000627
 002227
 603318
 600808
 300277
 600896
 600031
 600873
 000038
 000821
 002110
 601368
 600620
 601880
 000501
 002187
 000629
 600135
 000698
 000733
 600189
 002469
 300545
 300158
 002880
 000607
 600051
 603117
 002743
 002354
 600973
 600358
 300010
 600197
 603339
 600690
 600630
 300337
 002706
 300022
 002666
 603319
 601028
 600886
 000153
 002279
 300613
 002324
 000014
 601199
 600502
 002527
 300500
 000513
 002241
 601636
 601933
 002752
 603331
 600894
 603860
 603477
 300537
 300297
 002428
 002007
 002091
 600717
 601579
 000016
 000777
 300187
 002023
 000722
 600216
 603608
 600984
 000650
 300527
 300373
 300438
 000593
 601515
 002423
 600609
 601898
 603818
 603906
 002709
 002333
 603693
 600827
 600843
 300110
 300056
 002464
 603630
 002277
 600814
 603385
 000655
 000027
 000090
 002777
 300403
 300168
 000680
 300718
 600563
 300127
 600858
 600008
 300180
 300429
 002024
 300143
 603568
 600373
 002437
 600295
 600305
 600285
 300024
 300064
 600779
 600218
 600312
 600386
 603650
 002159
 601222
 002418
 002039
 300579
 000700
 600056
 601618
 600897
 603021
 300007
 603316
 603100
 600208
 002380
 600998
 603106
 601599
 601168
 002933
 600085
 300047
 000970
 603903
 600572
 600971
 300495
 600586
 000987
 603663
 300012
 000613
 603657
 002267
 002057
 300386
 002786
 300425
 002156
 002164
 603232
 000565
 300626
 300072
 000751
 600272
 603108
 000816
 300101
 300262
 002758
 600792
 300666
 600226
 600785
 300114
 601881
 000985
 300390
 603003
 000828
 002718
 600969
 002649
 002654
 600841
 002454
 000799
 600970
 300397
 600350
 002366
 002255
 002245
 603766
 603660
 002885
 002114
 000878
 600416
 600747
 600699
 603801
 300375
 000978
 000767
 603228
 600685
 000671
 300153
 600782
 002330
 000759
 600108
 000596
 000543
 603180
 002234
 603286
 600681
 000004
 600370
 300179
 002882
 300195
 600477
 601801
 601886
 300551
 002296
 002274
 603055
 002588
 600379
 300029
 600712
 002853
 300391
 600602
 002822
 603617
 601099
 600592
 002196
 000949
 000430
 002717
 603937
 601968
 600597
 600112
 002484
 000539
 002745
 600836
 002778
 603533
 002518
 002403
 600436
 002774
 000636
 600611
 600201
 002663
 002276
 000570
 000407
 000030
 002465
 002351
 000758
 002771
 002242
 002361
 002775
 002135
 600509
 002810
 002433
 300107
 000635
 300584
 601003
 600176
 000683
 603799
 600594
 002791
 603199
 300327
 603393
 600573
 300377
 300595
 603527
 000557
 600415
 002818
 002421
 300672
 600726
 000911
 600070
 300051
 300048
 300506
 600310
 001696
 002336
 002003
 603596
 600733
 000026
 300217
 000531
 603466
 600482
 600277
 300459
 603882
 600139
 603698
 603858
 000957
 002642
 603259
 600807
 002071
 002041
 300196
 600007
 002099
 000980
 601139
 002537
 603900
 600039
 002726
 600702
 600266
 603777
 002152
 300476
 603585
 600456
 603728
 000099
 000885
 601567
 000968
 601918
 600461
 600908
 603856
 300039
 300112
 300124
 603583
 002478
 002807
 603896
 603979
 603612
 300440
 002386
 002017
 600877
 603356
 300106
 002781
 002501
 603828
 300347
 000803
 002599
 603299
 002533
 600780
 603297
 603712
 002732
 603969
 603025
 600206
 601107
 300176
 300241
 601969
 300267
 603223
 300081
 300272
 600138
 601326
 300030
 002875
 002526
 000615
 600654
 600220
 000819
 600527
 000591
 002460
 002724
 603208
 603501
 002697
 002865
 002462
 600549
 600486
 002879
 000012
 600833
 300003
 000059
 603167
 603007
 000401
 600645
 300444
 002728
 002643
 600362
 000822
 601929
 601225
 002498
 603600
 300269
 000516
 603918
 300142
 002550
 300340
 600106
 603110
 000930
 300033
 002789
 600035
 300208
 002256
 603030
 300696
 600325
 002062
 300492
 300137
 000599
 300278
 002031
 000088
 603997
 002514
 300659
 300281
 600127
 000678
 600037
 601366
 300618
 000544
 600811
 600307
 002033
 601021
 600151
 600094
 603607
 600269
 600268
 002429
 002273
 603733
 601919
 600871
 002195
 000795
 002225
 600168
 002811
 002564
 000937
 603012
 002657
 600280
 600210
 000069
 603721
 600844
 002772
 600438
 002493
 000631
 000825
 300289
 000623
 002278
 002453
 300688
 601001
 600818
 600185
 600177
 300011
 002694
 600075
 600819
 000581
 002212
 600810
 600628
 002387
 002510
 603535
 002092
 603002
 603717
 600029
 600282
 600191
 300496
 300027
 000936
 000725
 300633
 300016
 000890
 601018
 000338
 600614
 600348
 603444
 300407
 300290
 000417
 000672
 600335
 600748
 002876
 300264
 000883
 300406
 000756
 000920
 600676
 000421
 600395
 000062
 600521
 600705
 000150
 000972
 000796
 603978
 600198
 600651
 603887
 002284
 603066
 601518
 002911
 002414
 002372
 002837
 002080
 600071
 600643
 002167
 000066
 300202
 600990
 002612
 601108
 600790
 600236
 002508
 002385
 603986
 000935
 600826
 002116
 002678
 000875
 603260
 600901
 300474
 600688
 300348
 002679
 600497
 002830
 600959
 600292
 002183
 300025
 002759
 603028
 600746
 300457
 002731
 601360
 300739
 603626
 002378
 600150
 000617
 000554
 000528
 000157
 603970
 300368
 002695
 600081
 603398
 603826
 601766
 002843
 600027
 600626
 002338
 002345
 002572
 000006
 300600
 600428
 600022
 002004
 601228
 600019
 300229
 600809
 000418
 603278
 000898
 002371
 002456
 603268
 002760
 600299
 000100
 603078
 300120
 002204
 603639
 000932
 300532
 600076
 300453
 603077
 002342
 300419
 600398
 603188
 603880
 600066
 601908
 000973
 000657
 000950
 002582
 600009
 600368
 600328
 002232
 000831
 300697
 002019
 600919
 600183
 300200
 601991
 600320
 300306
 002636
 600674
 002185
 600333
 600279
 600238
 002282
 300256
 300642
 300350
 600276
 002236
 002043
 603895
 601985
 600637
 000889
 002016
 603929
 002795
 600188
 600449
 300349
 600684
 600111
 002603
 600768
 600023
 603197
 601258
 002497
 002476
 002308
 601113
 601965
 601015
 600876
 300542
 300228
 002773
 300647
 002352
 601872
 600606
 300139
 002783
 600114
 603590
 002314
 000709
 603181
 000718
 300558
 000520
 603399
 600352
 600025
 603500
 002440
 600115
 002176
 300230
 002290
 002580
 000786
 002505
 600618
 300671
 603778
 002735
 600979
 300540
 000504
 300273
 002753
 002012
 002331
 000858
 000498
 002839
 600057
 000790
 000603
 002021
 000558
 000766
 002299
 600178
 002040
 600771
 600516
 600660
 600491
 002507
 601339
 600718
 000510
 603039
 603988
 000585
 601999
 600426
 600767
 002611
 002113
 002253
 600562
 300588
 601808
 002218
 000938
 000737
 600865
 600759
 600546
 600123
 603968
 002542
 601009
 000651
 002608
 000019
 601010
 000571
 300585
 002197
 002441
 600686
 300203
 002307
 000812
 300346
 300031
 300562
 000582
 603035
 600558
 000564
 603711
 603676
 603667
 600016
 603917
 300471
 600857
 600260
 600662
 600667
 002203
 601088
 300244
 300309
 600073
 002326
 603611
 002809
 300266
 603959
 300424
 000982
 300559
 000552
 002458
 300376
 601952
 600829
 002655
 002801
 600018
 300747
 002074
 600519
 002127
 000908
 002548
 600315
 300435
 600381
 002825
 000798
 000927
 600129
 002824
 000877
 002568
 000839
 600823
 601668
 600479
 002058
 600673
 600648
 002637
 300147
 600004
 000711
 300663
 600383
 002201
 002160
 002360
 002289
 002863
 300576
 300171
 000731
 002466
 600763
 603809
 002892
 603227
 600513
 300490
 600579
 300648
 603881
 300631
 603507
 603885
 300621
 000868
 600366
 300511
 000830
 603300
 603063
 600508
 300637
 603222
 600577
 000752
 300681
 600603
 002832
 002702
 002002
 002647
 300315
 600545
 000420
 002115
 000729
 600650
 603690
 002399
 000717
 600321
 600619
 600231
 002294
 603566
 300624
 300432
 002761
 000789
 603128
 603080
 600929
 002350
 600995
 601005
 002395
 002340
 603026
 300749
 600048
 000010
 002447
 600520
 002849
 600596
 002272
 002907
 300096
 600006
 000031
 300667
 603178
 603183
 601169
 300084
 002222
 002038
 600635
 002069
 300616
 300409
 600634
 300664
 600243
 000807
 603963
 600960
 603577
 000507
 603776
 300713
 002714
 002214
 600225
 601002
 600390
 600293
 600166
 600219
 600331
 600692
 000736
 601100
 000413
 601949
 600623
 601857
 000963
 600313
 300100
 601677
 600068
 603096
 603090
 002617
 002249
 002852
 002084
 300469
 601177
 000876
 600258
 000708
 601727
 300654
 601899
 600537
 002132
 601900
 600452
 002035
 601216
 600169
 603323
 603619
 600891
 002118
 000506
 603368
 600655
 300092
 600641
 600983
 002157
 002321
 601390
 601628
 600117
 300135
 600028
 600180
 600058
 002610
 600467
 002762
 300242
 600459
 300226
 600015
 002845
 002877
 002401
 601928
 300204
 000971
 300727
 600303
 600483
 603214
 300518
 002648
 000597
 600470
 300121
 000002
 002700
 002721
 002370
 000037
 000779
 603813
 002723
 000860
 600060
 002066
 002504
 000625
 601208
 300568
 000735
 000045
 600281
 300345
 600010
 000983
 603669
 002589
 000782
 601811
 600708
 002534
 300705
 002928
 603133
 002756
 300677
 300384
 603076
 600284
 002691
 000078
 600581
 600490
 300094
 603029
 603889
 300300
 601388
 300436
 600011
 601333
 002503
 603987
 002178
 300662
 002422
 002856
 002870
 002355
 002258
 002251
 300129
 300477
 600063
 002628
 600241
 600371
 000690
 603713
 002871
 300388
 002049
 603939
 601128
 600536
 603680
 002213
 002932
 603678
 000959
 603861
 600569
 600309
 601016
 601330
 600389
 002051
 600612
 603538
 600617
 600339
 600639
 600722
 600515
 001979
 603888
 600710
 000408
 300313
 300630
 002828
 603015
 002320
 000011
 002302
 300218
 603966
 600351
 000567
 000505
 300128
 002297
 300725
 600409
 603111
 002851
 002128
 601669
 000333
 600230
 603993
 603320
 000587
 000503
 600392
 002936
 300164
 300586
 300274
 600868
 600074
 002689
 601038
 000572
 600903
 300746
 600821
 002529
 601988
 002295
 002415
 601800
 603922
 300468
 300334
 600801
 000550
 002530
 002567
 002353
 002739
 603179
 600179
 002480
 600583
 600153
 002210
 300205
 600816
 000962
 600663
 600985
 002707
 000151
 600298
 603999
 002316
 300126
 002554
 600233
 002681
 002584
 600926
 600495
 600740
 300263
 002166
 600161
 601336
 002846
 300596
 603033
 300434
 600568
 601838
 002823
 600531
 002032
 300392
 002162
 601238
 002881
 600781
 002841
 002221
 002645
 603313
 002131
 002388
 603729
 603725
 000616
 002208
 600599
 002496
 603336
 600993
 600847
 600720
 601600
 002134
 600751
 002269
 603000
 002908
 002194
 600528
 000158
 603038
 600729
 300724
 000017
 002475
 002667
 300567
 002813
 002746
 600721
 601186
 002596
 300282
 600249
 002930
 300013
 603648
 300514
 600385
 603701
 601699
 601162
 600975
 600777
 002793
 000065
 600615
 300257
 002586
 002698
 600518
 601328
 002173
 002141
 601318
 600758
 000869
 000712
 002163
 603506
 600410
 600754
 300481
 300748
 600228
 002816
 000661
 300529
 603958
 600359
 600100
 002906
 002633
 600986
 300004
 300519
 600831
 002827
 002192
 603605
 603088
 000915
 002271
 600678
 600278
 000852
 600936
 600408
 603329
 002259
 603326
 002776
 600622
 600997
 300694
 002220
 603868
 002237
 002903
 600555
 002910
 000559
 000022
 300404
 603031
 002684
 603515
 600000
 300577
 300466
 300612
 600419
 300191
 601601
 002219
 603876
 600992
 000606
 002030
 002693
 300333
 603016
 600652
 002741
 300286
 000403
 603598
 000810
 000668
 600221
 601997
 000032
 002838
 601069
 600988
 600122
 002915
 000576
 601577
 000933
 000993
 601606
 300446
 000056
 000426
 601998
 603800
 000793
 002727
 603790
 600119
 002262
 002800
 300730
 000001
 002909
 600629
 600774
 300520
 600601
 002010
 300538
 603996
 600257
 600595
 601398
 603363
 002730
 601166
 601818
 000800
 600822
 002848
 002155
 000835
 603345
 600079
 002142
 002581
 002569
 002659
 601101
 600080
 600585
 600900
 300733
 002468
 600547
 601939
 603040
 600647
 002676
 600797
 601288
 600273
 603105
 600543
 002712
 002923
 002716
 002291
 600173
 000739
 000679
 603798
 300668
 600846
 600240
 603366
 002432
 300133
 603009
 300221
 002199
 603079
 601068
 300279
 300491
 002228
 600489
 002668
 000976
 000518
 002939
 002052
 002452
 600026
 300498
 300367
 300122
 002687
 600560
 002377
 002451
 000893
 600679
 600256
 002076
 002729
 600895
 600355
 002669
 002037
 000925
 600053
 000727
 600864
 600319
 600036
 002840
 600186
 300405
 000159
 000788
 600247
 002103
 000592
 601229
 000608
 600671
 600661
 600744
 002857
 300508
 000517
 603879
 600653
 000590
 600695
 002757
 603099
 300240
 300717
 002137
 000918
 300216
 300104
 002940
 002072
 600532
 002625
 600107
 300670
 002328
 600311
 603718
 600766
 600687
 300685
 002027
 002098
 300023
 603101
 000609
 600165
 300556
 000526
 002607
 002665
 000633
 600086
 002147
 300342
 002459
 002862
 300601
 601118
 300173
 600680
 600401
 002942
 002941
 002070
 000693
 603220
 601319

