 000001
 000010
 000023
 000034
 000063
 000593
 000632
 000659
 000672
 000676
 000735
 000767
 000777
 000789
 000813
 000831
 000852
 000902
 000928
 000931
 002039
 002064
 002068
 002108
 002110
 002127
 002145
 002250
 002260
 002281
 002292
 002353
 002358
 002369
 002381
 002384
 002402
 002411
 002485
 002519
 002543
 002557
 002594
 002601
 002624
 002650
 002689
 002698
 002739
 002742
 002776
 002783
 002801
 002831
 002859
 002882
 002889
 002921
 300004
 300031
 300041
 300043
 300044
 300056
 300125
 300133
 300151
 300231
 300269
 300296
 300334
 300351
 300352
 300390
 300394
 300423
 300448
 300535
 300546
 300576
 300586
 300602
 300638
 300651
 300678
 300688
 300731
 300739
 300740
 300748
 600028
 600064
 600101
 600223
 600226
 600270
 600317
 600332
 600377
 600406
 600481
 600498
 600604
 600617
 600666
 600695
 600696
 600796
 600808
 600811
 600897
 600917
 600961
 600999
 601012
 601166
 601238
 601328
 601688
 601990
 603059
 603117
 603166
 603196
 603338
 603555
 603577
 603602
 603639
 603655
 603668
 603712
 603828
 603885
 603895
 603959
 603960
 603969
