 600016
 601328
 000415
 601818
 600000
 601898
 601169
 601166
 600510
 601229
 600997
 600027
 000616
 002011
 600694
 601699
 600290
 601186
 600177
 600216
 600150
 601633
 601800
 601128
 600120
 600312
 002681
 002390
 601088
 600133
 600711
 600210
 600093
 600985
 601928
 300230
 603128
 600999
 601108
 600674
 601238
 002267
 600482
 600687
 600352
 002171
 600886
 300193
 000690
 002202
 002237
 601566
 600636
 000656
 600981
 002673
 002157
 300259
 002210
 002235
 002155
 002705
 300323
 002359
 600897
 002054
 600195
 000028
 002716
 600267
 002696
 000301
 600377
 300077
 603333
 000002
 603303
 000505
 300284
 000902
 002601
 002667
 002430
 002001
 600345
 002020
 600062
 600438
 600258
 600326
 002543
 000513
 600167
 300164
 002327
 600988
 300251
 603608
 300721
 000988
 002228
 603685
 603018
 601899
 600690
 300712
 600260
 603808
 300261
 600895
 002664
 601021
 002113
 002776
 000672
 300265
 300293
 300575
 600962
 002929
 002353
 603885
 600967
 002383
 300298
 603101
 600176
 002753
 002626
 300418
 603701
 603606
 600346
 002341
 002594
 002598
 002313
 300166
 603587
 600703
 300072
 002715
 600332
 603825
 603678
 603728
 600481
 300296
 600615
 300444
 600675
 002595
 600116
 002806
 300383
 000739
 600315
 002364
 002614
 002370
 600783
 002414
 000506
 603200
 002792
 002511
 002493
 300422
 600406
 603711
 002840
 300739
 300311
 600535
 002035
 601799
 601619
 600392
 300692
 300464
 002402
 300687
 600661
 600419
 002514
 002572
 300626
 300294
 002427
 002607
 300144
 300309
 300463
 002851
 601100
 600111
 600624
 600053
 603959
 600201
 300470
 603726
 300389
 300655
 600301
 300596
 002575
 603816
 603602
 603214
 603848
 300001
 300607
 300616
 300429
 603505
 603826
 603595
 002618
 300731
 002714
 300586
 603043
 300146
 600161
 002812
 600689
 300584
 002795
 002439
 603058
 300413
 300628
 300558
 002230
 000659
 002881
 300531
 002095
 300450
 002821
 300559
 300624
 300003
 300226
 300688
 603501
 603960
 300633
 300529
 300630
 300577
 002841
 603658
 300601
 000691
 000622
 300122
 600766
